  1.0000000e+000  2.5996354e+000  3.7079221e+000  3.5005755e+000  4.3335768e+000  3.4437624e+000  3.3848181e+000  3.5880884e+000  5.1325052e+000  3.1565943e+000  3.4193573e+000
  2.0000000e+000  2.8971535e+000  1.5488798e+000  3.1916640e+000  3.4560629e+000  2.5087715e+000  3.0309206e+000  4.1053985e+000  2.5475067e+000  3.2496036e+000  3.1000701e+000
  2.0000000e+000  3.0979813e+000  2.5988507e+000  3.2403829e+000  3.1025608e+000  3.2711577e+000  3.7711231e+000  2.2349740e+000  1.6289740e+000  4.4774163e+000  2.6140077e+000
  1.0000000e+000  2.7553834e+000  3.5574483e+000  3.2991558e+000  4.7709848e-001  3.5523174e+000  2.2379606e+000  2.6535199e+000  3.1890589e+000  3.7603625e+000  3.0088862e+000
  2.0000000e+000  2.8294060e+000  2.4833966e+000  2.6373161e+000  3.7643535e+000  1.7984085e+000  5.4215365e+000  2.9776860e+000  2.6462676e+000  4.0564371e+000  3.5703476e+000
  1.0000000e+000  3.3819793e+000  3.1910002e+000  3.6566762e+000  2.9265579e+000  2.5530359e+000  3.8280657e+000  3.3427401e+000  4.9707920e+000  1.3667715e+000  4.1016921e+000
  2.0000000e+000  2.1642568e+000  1.0170124e+000  4.1376087e+000  4.0498180e+000  3.1048296e+000  2.9519661e+000  4.2479348e+000  3.7879986e+000  2.0877734e+000  3.0398322e+000
  2.0000000e+000  2.1743026e+000  2.1238163e+000  4.5364515e+000  2.5011737e+000  2.8274328e+000  3.7308397e+000  2.5275593e+000  3.5072450e+000  4.4215268e+000  3.9729155e+000
  2.0000000e+000  3.9316657e+000  4.7026804e+000  9.0658067e-001  1.7542209e+000  3.1713850e+000  4.3495035e+000  2.4299319e+000  1.2089649e+000  1.8513136e+000  1.9493221e+000
  1.0000000e+000  2.8448084e+000  3.5752846e+000  2.1956483e+000  4.1795450e+000  2.6216669e+000  3.3416807e+000  2.1905991e+000  2.1216133e+000  2.0752633e+000  2.8045006e+000
  1.0000000e+000  3.7725768e+000  3.2928666e+000  2.5529346e+000  3.4321076e+000  3.3759187e+000  1.5235295e+000  3.5142901e+000  2.0913766e+000  4.2138682e+000  2.9901727e+000
  1.0000000e+000  3.1381705e+000  3.1124904e+000  2.9865794e+000  3.4122315e+000  2.2738560e+000  2.2376347e+000  3.5822406e+000  3.9987894e+000  3.2087116e+000  3.7095986e+000
  2.0000000e+000  3.0161555e+000  1.6272669e+000  3.6120088e+000  1.1683816e+000  2.0388855e+000  3.0863624e+000  4.1617399e+000  2.4650831e+000  1.9656245e+000  2.9735660e+000
  2.0000000e+000  4.6527395e+000  1.5500538e+000  2.3725518e+000  3.4626643e+000  2.6085784e+000  4.0394566e+000  4.0946583e+000  1.6769667e+000  2.2487757e+000  3.4821344e+000
  2.0000000e+000  3.7367999e+000  2.8904966e+000  3.1902496e+000  3.0669123e+000  2.9471199e+000  3.7539781e+000  3.0654550e+000  2.4778075e+000  3.4082654e+000  2.5878434e+000
  1.0000000e+000  4.0548482e+000  3.8267068e+000  3.6784312e+000  3.3688194e+000  4.1397684e+000  3.7577633e+000  3.0002049e+000  2.9024797e+000  2.9918405e+000  3.4947177e+000
  1.0000000e+000  1.4519176e+000  3.8709016e+000  3.1708928e+000  2.8312464e+000  2.5464842e+000  2.1121427e+000  3.1687594e+000  4.5430430e+000  1.7586281e+000  3.5397669e+000
  2.0000000e+000  2.4327335e+000  3.4954345e+000  2.9140716e+000  2.9587340e+000  1.9370165e+000  2.2135057e+000  1.8788623e+000  3.5578587e+000  4.6184310e+000  3.9731516e+000
  2.0000000e+000  3.5050590e+000  5.5323586e+000  4.1094631e+000  4.0690301e+000  3.3371757e+000  4.7270480e+000  4.1860816e+000  2.2136301e+000  1.8793581e+000  3.5915399e+000
  2.0000000e+000  3.2377822e+000  4.3174712e+000  2.9054207e+000  4.1457732e+000  3.5092833e+000  3.6620663e+000  1.0192789e+000  3.9800440e+000  1.2875108e+000  4.0488410e+000
  2.0000000e+000  3.5819468e+000  4.8809790e+000  1.8895091e+000  1.1372832e+000  1.9834628e+000  4.1393699e+000  2.5323450e+000  2.6826488e+000  4.3461221e+000  3.4528636e+000
  1.0000000e+000  1.7226451e+000  3.0512515e+000  2.7626812e+000  9.5130198e-001  2.8679515e+000  4.0726182e+000  2.0829765e+000  2.3396695e+000  2.0543414e+000  3.1241775e+000
  2.0000000e+000  2.4751530e+000  3.3586633e+000  2.3926226e+000  2.7324363e+000  4.5430446e+000  2.1936432e+000  1.9001873e+000  2.8741417e+000  2.5261237e+000  3.4307674e+000
  2.0000000e+000  4.1789916e+000  2.6442131e+000  3.7773344e+000  2.7468901e+000  2.5356469e+000  4.3275637e+000  2.2263968e+000  1.9768727e+000  3.1210053e+000  2.4143213e+000
  2.0000000e+000  3.4317805e+000  4.3737450e+000  3.0987099e+000  3.1260448e+000  3.1026288e+000  3.8697512e+000  4.5029155e+000  3.0055922e+000  3.3257552e+000  2.5617880e+000
  2.0000000e+000  4.4054973e+000  1.7510400e+000  1.7622805e+000  3.2720808e+000  4.1481429e+000  3.1927667e+000  2.7872714e+000  2.9539305e+000  2.7729774e+000  1.9266074e+000
  2.0000000e+000  1.3416805e+000  1.4590559e+000  4.3447541e+000  4.3735211e+000  1.7813182e+000  3.9198707e+000  3.7258250e+000  3.0521491e+000  2.8944484e+000  1.8649860e+000
  2.0000000e+000  4.5181805e+000  2.0100159e+000  4.4443038e+000  1.9857193e+000  1.8768598e+000  4.7293098e+000  1.7526866e+000  3.4775106e+000  3.2758363e+000  3.7856843e+000
  2.0000000e+000  4.3067598e+000  3.4500304e+000  3.9938932e+000  1.0647074e+000  5.4018795e+000  2.9400535e+000  1.9948331e+000  3.5972694e+000  1.9786375e+000  2.5296463e+000
  2.0000000e+000  3.7449058e+000  2.9866785e+000  2.4375668e+000  2.1888526e+000  3.5462281e+000  3.4346984e+000  4.4508690e+000  3.3847594e+000  1.0450452e+000  3.9812073e+000
  2.0000000e+000  2.9187209e+000  4.3384227e+000  1.5479716e+000  2.6138146e+000  2.8066091e+000  5.0003754e+000  3.1593580e+000  1.3911924e+000  2.5780825e+000  2.3736766e+000
  2.0000000e+000  2.7521719e+000  2.6169526e+000  3.1101098e+000  3.5961376e+000  1.6112837e+000  4.8334488e+000  1.9837074e+000  2.5664445e+000  3.2842065e+000  2.3298643e+000
  2.0000000e+000  2.9391246e+000  4.3619680e+000  1.8110755e+000  5.0607842e+000  3.2141708e+000  2.4317507e+000  1.8776258e+000  2.1935394e+000  4.0387166e+000  2.1590434e+000
  2.0000000e+000  3.1512011e+000  2.4486920e+000  3.0299570e+000  2.4640325e+000  3.4806099e+000  2.6313597e+000  2.8218852e+000  4.1231217e+000  4.4434524e+000  3.0445866e+000
  2.0000000e+000  3.2478202e+000  2.9854703e+000  3.5767312e+000  2.8113293e+000  2.8133559e+000  3.3438517e+000  3.3399520e+000  2.8822176e+000  2.0602301e+000  3.0915175e+000
  2.0000000e+000  3.0733400e+000  3.2418106e+000  2.8052518e+000  2.8971445e+000  3.7269321e+000  9.4297443e-001  7.5598938e-001  2.9097999e+000  3.6645690e+000  3.2074265e+000
  2.0000000e+000  1.8639164e+000  2.2977931e+000  1.8699042e+000  3.5785486e+000  3.6391192e+000 -3.3391556e-001  2.3959599e+000  1.5526810e+000  3.5116757e+000  3.0700956e+000
  2.0000000e+000  1.5313720e+000  2.7972154e+000  3.2631519e+000  2.8816499e+000  3.1809108e+000  3.0144520e+000  2.7408188e+000  1.7430571e+000  1.7698652e+000  3.1063793e+000
  2.0000000e+000  2.7476421e+000  2.6531750e+000  1.7351119e+000  3.0530297e+000  4.2871210e+000  3.0936089e+000  2.1483824e+000  4.2034122e+000  1.8419528e+000  4.6827961e+000
  2.0000000e+000  9.0149193e-001  2.0357697e+000  2.9835796e+000  2.5123574e+000  3.4711147e+000  2.4069248e+000  1.4081650e+000  2.1716172e+000  2.6929830e+000  1.4455734e+000
  1.0000000e+000  3.4302488e+000  3.8418983e+000  3.6479530e+000  9.9107989e-001  2.6225569e+000  3.8779380e+000  3.3750405e+000  6.0274437e-002  3.1867010e+000  2.6845740e+000
  2.0000000e+000  1.5210197e+000  3.4949488e+000  1.5803041e+000  3.3207772e+000  1.3647037e+000  4.4967723e+000  6.1335736e+000  2.2544793e+000  2.4352515e+000  3.6466219e+000
  2.0000000e+000  1.9288752e+000  4.9068354e+000  1.6852068e+000  2.9363398e+000  2.6368191e+000  3.7671519e+000  4.5366561e+000  3.0055079e+000  1.7369681e+000  1.8140896e+000
  2.0000000e+000  2.2425540e+000  1.7238843e+000  2.4487321e+000  3.4528878e+000  3.2690290e+000  3.2364694e+000  3.3589454e+000  4.6966925e+000  3.8214557e+000  2.7852083e+000
  2.0000000e+000  3.5620755e+000  2.7035743e+000  2.5121185e+000  2.3214846e+000  1.8117449e+000  2.8038481e+000  3.9725360e+000  1.0763665e+000  1.7723638e+000  3.9231307e+000
  2.0000000e+000  1.1237409e+000  2.2363757e+000  3.2812332e+000  1.2353367e+000  4.1448678e+000  4.5396221e+000  2.1630040e+000  2.8728576e+000  2.9888972e+000  2.8371342e+000
  2.0000000e+000  1.4852871e+000  3.0530935e+000  2.6142824e+000  3.3786421e+000  3.0739077e+000  2.5411181e+000  1.8752890e+000  3.1475976e+000  3.6002740e+000  3.4289463e+000
  1.0000000e+000  3.1119360e+000  3.0096258e+000  3.2304648e+000  3.4378463e+000  4.2717492e+000  3.5723340e+000  3.9057066e+000  3.7597609e+000  2.7993372e+000  2.8613340e+000
  2.0000000e+000  3.2821695e+000  2.3414676e+000  1.2201546e+000  2.4980308e+000  2.3352461e+000  3.5369883e+000  2.3565777e+000  1.9410947e+000  2.9575293e+000  2.8456978e+000
  2.0000000e+000  1.4349523e+000  2.3406409e+000  1.4340160e+000  3.2165330e+000  3.2229251e+000  2.0575982e+000  2.9892777e+000  3.3491421e+000  3.4135413e+000  4.0872845e+000
  2.0000000e+000  9.6801821e-001  3.2818862e+000  2.6641636e+000  3.6581823e+000  2.6621747e+000  2.5785432e+000  5.4279835e+000  5.0438656e+000  3.9972582e+000  2.5656032e+000
  2.0000000e+000  2.8879353e+000  1.6158341e+000  4.2668999e+000  1.9575404e+000  1.7127786e+000  3.5662842e+000  7.9826822e-001  2.7317145e+000  3.7244450e+000  1.3163559e+000
  2.0000000e+000  2.7099607e+000  2.3822712e+000  2.9470181e+000  1.8555409e+000  2.5535484e+000  3.6474193e+000  4.3332741e+000  3.4921921e+000  3.7043544e+000  4.8535264e+000
  2.0000000e+000  1.4742315e+000  4.4804538e+000  1.9854206e+000  2.0126544e+000  5.1473718e+000  2.2553852e+000  4.8068900e+000  1.7852447e+000  2.0511427e+000  2.6899198e+000
  1.0000000e+000  2.5511328e+000  3.9604500e+000  3.1313617e+000  1.8927818e+000  1.0908054e+000  3.1199797e+000  3.1636726e+000  4.4129406e+000  1.8591942e+000  4.2922532e+000
  2.0000000e+000  2.6557272e+000  2.8606135e+000  3.0206943e+000  1.6631630e+000  4.9471221e+000  4.5352744e+000  4.3630163e+000  1.9710325e+000  4.4160076e+000  2.7190447e+000
  1.0000000e+000  4.5429458e+000  3.0567570e+000  2.1139786e+000  2.5498970e+000  2.0268369e+000  3.9171649e+000  3.5886508e+000  2.8352680e+000  2.6846814e+000  1.6313825e+000
  2.0000000e+000  2.3391031e+000  1.8857115e+000  2.5811192e+000  2.3525676e+000  4.1094626e+000  3.2144664e+000  4.9163730e+000  3.3561545e+000  4.7524559e+000  5.3532839e+000
  2.0000000e+000  3.6282903e+000  2.5957408e+000  3.1450750e+000  4.6026726e+000  1.8069578e+000  4.0747212e+000  2.3418092e+000  3.0293391e+000  2.7128736e+000  1.9756928e+000
  2.0000000e+000  2.2376180e+000  4.2198751e+000  3.1413457e+000  2.5609222e+000  2.0890104e+000  5.2506009e+000  2.6315388e+000  2.2469236e+000  3.9203859e+000  3.6805993e+000
  1.0000000e+000  5.6830988e+000  3.0977449e+000  4.5492579e+000  4.0565773e+000  1.9987703e+000  2.6763501e+000  3.7180168e+000  2.7702274e+000  1.0794184e+000  4.1611287e+000
  2.0000000e+000  3.4046879e+000  4.1421374e+000  1.9518496e+000  3.1884588e+000  2.5920274e+000  2.5272214e+000  1.6178531e+000  3.4191398e+000  2.2515775e+000  2.8466120e+000
  2.0000000e+000  3.7439749e+000  8.6827763e-001  2.7184473e+000  4.0007630e+000  3.6903211e+000  3.4947714e+000  1.8857242e+000  3.2820609e+000  1.3849293e+000  3.9506390e+000
  1.0000000e+000  4.4536674e+000  3.2982495e+000  2.7429795e+000  3.1793777e+000  1.3333567e+000  2.7462771e+000  3.0443640e+000  2.6127597e+000  4.9067489e+000  3.1416487e+000
  1.0000000e+000  2.4853240e+000  3.3562234e+000  2.8298483e+000  2.4482864e+000  2.3416031e+000  1.6962914e+000  3.1875657e+000  3.1022512e+000  4.0227849e+000  2.4305997e+000
  2.0000000e+000  3.0661851e+000  2.4955557e+000  3.8608566e+000  3.4628535e+000  1.9380586e+000  4.9121385e+000  2.5280857e+000  6.9703367e+000  3.7707608e+000  2.3902930e+000
  2.0000000e+000  4.2767903e+000  2.7823730e+000  3.2152363e+000  1.8812111e+000  2.8230802e+000  3.4407823e+000  4.8091862e+000  3.2510310e+000  1.7194125e+000  3.2222730e+000
  2.0000000e+000  3.0982129e+000  2.3689463e+000  1.4643238e+000  1.7277002e+000  3.2168573e+000  1.6821139e+000  2.5330877e+000  2.9580159e+000  3.8973259e+000  4.0140997e+000
  2.0000000e+000  4.8177108e+000  2.7551718e+000  3.2864368e+000  4.4315037e+000  2.3463363e+000  3.1354318e+000  2.2957600e+000  2.6670218e+000  2.5676863e+000  1.0483557e+000
  2.0000000e+000  3.0633876e+000  2.3877740e+000  1.5096070e+000  4.9141768e+000  3.0289324e+000  3.2514681e+000  1.2378084e+000  1.9961527e+000  4.2308021e+000  3.3997815e+000
  2.0000000e+000  2.6265995e+000  5.3369417e+000  2.9981327e+000  2.0297377e+000  3.1634627e+000  3.4416853e+000  2.7987574e+000  3.4713387e+000  4.6849637e+000  3.8434259e+000
  2.0000000e+000  4.3917041e+000  3.3174450e+000  2.3119025e+000  3.5279108e+000  3.5045235e+000  3.6310971e+000  1.8697957e+000  2.7429572e+000  2.8520174e+000  1.9893914e+000
  1.0000000e+000  1.3515217e+000  3.0455225e+000  3.5102388e+000  3.7553062e+000  3.9806924e+000  2.3163792e+000  2.2630749e+000  3.6276972e+000  2.8840482e+000  2.6003396e+000
  2.0000000e+000  1.8791929e+000  4.6249203e+000  3.1461018e+000  3.0698657e+000  3.2970312e+000  6.9642144e-001  4.9869483e+000  2.8006247e+000  3.4172736e+000  3.6979866e+000
  1.0000000e+000  4.5451924e+000  3.5671014e+000  3.0041832e+000  2.9132505e+000  1.2316784e+000  2.9736988e+000  2.8183621e+000  4.4425086e+000  3.0782425e+000  2.9185409e+000
  1.0000000e+000  3.5725613e+000  3.1041494e+000  2.0410314e+000  3.3349472e+000  3.7779055e+000  2.9261520e+000  2.4833567e+000  2.5428783e+000  2.8998371e+000  4.5522893e+000
  2.0000000e+000  3.5571419e+000  2.6631808e+000  1.9242436e+000  4.2419760e+000  2.8773243e+000  1.8355187e+000  1.8518793e+000  2.1068889e+000  3.8639224e+000  2.6715749e+000
  2.0000000e+000  5.4844676e+000  2.9044749e+000  3.4625658e+000  3.9132173e+000  2.2845732e+000  2.9821088e+000  2.9761175e+000  5.8471978e+000  1.2686782e+000  1.7102793e+000
  1.0000000e+000  1.9097306e+000  3.2043713e+000  2.7152477e+000  1.6724525e+000  3.5904592e+000  3.1583373e+000  2.2999311e+000  2.7713013e+000  3.3432143e+000  3.1487762e+000
  2.0000000e+000  2.6473428e+000  4.6237017e+000  2.5343395e+000  4.3151952e+000  2.0653815e+000  2.5184377e+000  3.3994607e+000  2.3007315e+000  2.8215433e+000  1.9384709e+000
  2.0000000e+000  3.5267219e+000  2.9879762e+000  3.9058226e+000  3.2600665e+000  2.3954691e+000  2.4040066e+000  3.0452665e+000  3.3143435e+000  8.2996659e-001  1.6758684e+000
  2.0000000e+000  4.1594615e+000  2.7027188e+000  4.1444201e+000  2.9679896e+000  4.2187228e+000  2.4679556e+000  2.8799785e+000  3.0829680e+000  2.6920650e+000  2.6743750e+000
  2.0000000e+000  2.8260624e+000  4.7520681e+000  5.3779988e+000  2.2467172e+000  3.7032365e+000  2.4027258e+000  4.1900149e+000  2.3515360e+000  3.5381279e+000  1.0537333e+000
  2.0000000e+000  4.6057904e+000  1.5791306e+000  3.5716134e+000  3.8183342e+000  4.3925185e+000  2.1624816e+000  2.8762518e+000  2.6316052e+000  3.2162171e+000  4.2928330e+000
  2.0000000e+000  2.4794483e+000  2.2320928e+000  2.9804254e+000  2.6033729e+000  3.1869170e+000  3.3791135e+000  4.8812083e+000  1.7659729e+000  2.9714530e+000  4.2470264e+000
  2.0000000e+000  3.0875116e+000  1.6824502e+000  4.6393652e+000  2.9860451e+000  3.2360654e+000  4.1993752e+000  2.4525987e+000  3.2471715e+000  2.0673646e+000  2.9916364e+000
  1.0000000e+000  3.8123235e+000  3.2474620e+000  2.3775939e+000  4.8176873e+000  3.6428043e+000  2.9670059e+000  3.8127309e+000  4.0890393e+000  3.0458493e+000  3.3783006e+000
  2.0000000e+000  3.3992949e+000  2.7426038e+000  2.3511532e+000  4.0538280e+000  2.6849241e+000  2.0810170e+000  3.6244144e+000  3.5678377e+000  5.4102638e+000  2.6981263e+000
  2.0000000e+000  3.0557177e+000  4.1172446e+000  3.6398103e+000  2.3721968e+000  4.3531843e+000  3.8481931e+000  3.8994978e+000  2.8018331e+000  2.9548731e+000  2.8918272e+000
  2.0000000e+000  3.5573102e+000  1.4527289e+000  3.5359915e+000  2.8976351e+000  3.1893527e+000  9.6014506e-001  3.0018202e+000  3.0609119e+000 -6.1903788e-001  2.1591491e+000
  2.0000000e+000  3.7332060e+000  8.5324352e-001  2.9609435e+000  3.5421716e+000  4.1915127e+000  1.8038215e+000  2.5286475e+000  2.5025075e+000  3.7009572e+000  2.2622801e+000
  2.0000000e+000  3.6872226e+000  2.8081490e+000  2.6767534e+000  2.9956294e+000  3.1836907e+000  4.3405665e+000  2.0404009e+000  3.3801313e+000  2.4106524e+000  5.2585900e-001
  2.0000000e+000  1.2241277e+000  1.5116772e+000  3.0487650e+000  2.2940877e+000  2.1345687e+000  3.5723860e+000  1.3926877e+000  3.1753522e+000  3.5781004e+000  3.1414915e+000
  2.0000000e+000  3.9641430e+000  3.7046738e+000  3.2164424e+000  2.4368641e+000  2.8701276e+000  5.3524903e+000  3.9773791e+000  2.7798634e+000  3.4938462e+000  2.5531141e+000
  1.0000000e+000  2.7592069e+000  3.1963355e+000  2.9792051e+000  2.0858679e+000  2.2042923e+000  3.6593806e+000  2.7457681e+000  2.7056668e+000  2.8453355e+000  4.0971858e+000
  2.0000000e+000  5.1336895e+000  2.6157190e+000  3.8704938e+000  3.5162438e+000  3.8575328e+000  3.2404083e+000  4.9176752e+000  2.8559559e+000  4.0255116e+000  3.3276615e+000
  2.0000000e+000  1.5411704e+000  1.8510243e+000  1.4512725e+000  3.5315794e+000  4.1492850e+000  3.5037529e+000  2.2609146e+000  3.3916377e+000  1.3260212e+000  2.0555794e+000
  2.0000000e+000  1.8005070e+000  2.3742113e+000  1.1221850e+000  2.6088660e+000  4.2303928e+000  2.9958170e+000  3.5574771e+000  3.4050705e+000  4.3793045e+000  2.8634087e+000
  2.0000000e+000  1.3318256e+000  3.2135798e+000  2.2635583e+000  4.8540907e+000  2.5855609e+000  4.1982061e+000  1.1229631e+000  3.2187164e+000  3.2993980e+000  5.9946120e+000
  2.0000000e+000  3.6190896e+000  2.3588805e+000  2.7022369e+000  1.2729804e+000  2.7262281e+000  2.6393295e+000  3.7601538e+000  2.3322019e+000  1.7633198e+000  2.5957501e+000
